1(1)-X-45(2)-X-9(2)-4(2)-6(2)-14(2)-58(2)-37(2)-47(2)-X-25(2)-40(2)-35(2)-0(2)
X-209(1)-223(0)-225(0)-X-91(2)-X-107(2)-181(0)-X-160(1)-166(1)-62(2)-X-135(1)-56(3)
26(1)-76(1)-X-230(2)-229(2)-216(0)-249(1)-233(3)-167(0)-80(0)-158(1)-212(2)-X-75(2)-239(1)-X
X-173(1)-195(0)-248(1)-163(3)-148(1)-X-154(0)-X-64(2)-140(1)-241(1)-250(0)-182(1)-191(1)-30(3)
16(1)-197(1)-202(2)-95(0)-206(0)-226(0)-155(2)-81(0)-151(1)-162(2)-255(0)-221(0)-X-127(0)-X-27(3)
50(1)-125(1)-203(0)-63(2)-147(1)-208(1)-240(0)-X-192(0)-243(1)-97(3)-70(1)-174(3)-103(2)-124(1)-X
23(1)-238(0)-194(2)-85(2)-131(3)-119(1)-199(0)-128(2)-161(0)-129(3)-134(1)-247(0)-X-183(0)-153(0)-57(3)
X-237(2)-193(0)-231(1)-X-156(0)-186(2)-150(0)-146(2)-77(3)-69(1)-211(1)-220(1)-205(2)-143(2)-7(3)
53(1)-X-122(0)-168(3)-139(0)-142(2)-180(1)-138(2)-141(2)-169(1)-234(0)-89(3)-87(3)-99(1)-215(3)-X
X-98(2)-120(2)-96(3)-66(1)-219(3)-217(1)-164(2)-190(1)-105(3)-117(1)-112(0)-253(2)-200(0)-94(0)-X
X-218(1)-113(0)-244(0)-130(2)-246(3)-109(3)-111(1)-78(3)-60(0)-X-110(2)-187(3)-65(3)-X-51(3)
41(1)-72(3)-X-189(1)-179(2)-224(3)-71(0)-149(1)-171(1)-93(2)-185(2)-115(0)-114(0)-83(0)-227(3)-38(3)
8(1)-222(1)-145(2)-188(3)-61(3)-74(1)-68(2)-X-152(0)-235(1)-X-126(2)-121(2)-X-144(3)-X
X-214(3)-137(2)-170(1)-86(2)-213(0)-254(1)-201(0)-136(2)-157(1)-228(3)-X-178(2)-106(2)-84(3)-48(3)
43(1)-242(3)-X-102(0)-X-207(2)-116(0)-X-123(0)-X-196(1)-108(2)-177(1)-X-100(0)-X
3(0)-19(0)-21(0)-5(0)-20(0)-39(0)-X-46(0)-X-12(0)-59(0)-34(0)-X-22(0)-X-2(3)